 0 0.002  0.025  0.005  0.017  0.007  0.02   0.01   0.015  0.012  0.03
 1 1.0000 0.9687 1.0111 1.0176 1.0135 1.0038 1.0197 1.0244 1.0252 0.9544
 2 1.0000 0.4245 0.8859 0.6142 0.8297 0.5417 0.7723 0.6566 0.7315 0.3795
 3 1.0000 0.6575 0.9507 0.7928 0.9201 0.7405 0.8864 0.8206 0.8648 0.5821
 4 1.0000 0.7236 0.9520 0.8371 0.9448 0.7993 0.9087 0.8606 0.8931 0.6514
 5 1.0000 0.6907 0.9559 0.8069 0.9300 0.7666 0.8993 0.8378 0.8729 0.6190
 6 1.0000 0.7851 0.9586 0.9246 0.9917 0.8657 0.9725 0.9121 1.0065 0.7664
 7 1.0000 0.6246 0.8623 0.7375 0.8534 0.6858 0.7791 0.7427 0.8125 0.5507
 8 1.0000 0.6864 0.9504 0.8076 0.9244 0.7655 0.8966 0.8327 0.8697 0.6202
 9 1.0000 0.5991 0.9476 0.7447 0.9072 0.6912 0.8571 0.7768 0.8207 0.5239
10 1.0000 0.5773 0.9296 0.7192 0.8921 0.6755 0.8403 0.7575 0.8090 0.5005
11 1.0000 0.6265 0.9403 0.7716 0.9037 0.7209 0.8647 0.8044 0.8482 0.5438
12 1.0000 0.6213 0.9435 0.7617 0.8974 0.7125 0.8622 0.7895 0.8414 0.5460
13 1.0000 0.7164 0.9677 0.8394 0.9388 0.7929 0.9111 0.8613 0.8875 0.6365
14 1.0000 0.6837 0.9546 0.8165 0.9291 0.7700 0.9014 0.8456 0.8817 0.6098
15 1.0000 0.6872 0.9563 0.8340 0.9322 0.7781 0.9086 0.8586 0.8931 0.6030
16 1.0000 0.5870 0.9397 0.7315 0.9033 0.6749 0.8527 0.7648 0.8229 0.5197
17 1.0000 0.9329 1.0226 1.0042 1.0180 0.9862 1.0138 1.0154 1.0194 0.9109
18 1.0000 0.9047 0.9931 0.9770 0.9745 0.9540 0.9893 0.9879 0.9942 0.8449
19 1.0000 0.6878 0.9499 0.8184 0.9326 0.7727 0.8967 0.8406 0.8742 0.6020
20 1.0000 0.8992 0.9978 0.9832 1.0087 0.9608 1.0075 0.9936 1.0076 0.8445
21 1.0000 0.4553 0.9280 0.6408 0.8714 0.5758 0.7938 0.6877 0.7494 0.3880
22 1.0000 0.4753 0.9109 0.6307 0.8529 0.5687 0.7817 0.6723 0.7374 0.3992
23 1.0000 0.3604 0.8838 0.5413 0.8001 0.4735 0.7159 0.5882 0.6566 0.2916
24 1.0000 0.4977 0.9237 0.6553 0.8727 0.5941 0.7936 0.6947 0.7521 0.4271
25 1.0000 0.4369 0.9277 0.6151 0.8426 0.5462 0.7730 0.6567 0.7124 0.3410
26 1.0000 0.0237 0.6790 0.1342 0.5022 0.0783 0.3319 0.1600 0.2623 0.0073
27 1.0000 0.8845 1.0205 0.9888 1.0263 0.9505 1.0260 1.0138 1.0232 0.8437
28 1.0000 0.4200 0.8904 0.5839 0.8311 0.5214 0.7481 0.6290 0.6998 0.3413
29 1.0000 0.6589 0.9585 0.7981 0.9180 0.7474 0.8866 0.8247 0.8620 0.5768
30 1.0000 0.6983 0.9590 0.8281 0.9305 0.7823 0.9017 0.8492 0.8838 0.6190
31 1.0000 0.4812 0.9108 0.7051 0.8075 0.6364 0.8344 0.7617 0.8687 0.3470
32 1.0000 0.7610 0.9677 0.8803 0.9664 0.8401 0.9422 0.9020 0.9297 0.6894
33 1.0000 0.2970 0.8463 0.4558 0.7613 0.3893 0.6485 0.5003 0.5838 0.2095
34 1.0000 0.4101 0.8970 0.5763 0.8228 0.5092 0.7490 0.6186 0.6932 0.3330
35 1.0000 0.3701 0.8719 0.5363 0.8032 0.4715 0.7120 0.5803 0.6601 0.2941
36 1.0000 0.3131 0.8563 0.4917 0.7804 0.4241 0.6834 0.5398 0.6288 0.2500
37 1.0000 0.2262 0.8032 0.3423 0.6850 0.2843 0.5789 0.3961 0.5020 0.1466
38 1.0000 0.4942 0.8991 0.6454 0.8533 0.5859 0.7899 0.6850 0.7450 0.4175
39 1.0000 0.7215 0.9628 0.8442 0.9405 0.8021 0.9116 0.8705 0.9014 0.6632
40 1.0000 0.5244 0.9189 0.6824 0.8768 0.6196 0.8170 0.7188 0.7749 0.4503
41 1.0000 0.4858 0.9021 0.6513 0.8600 0.5885 0.8044 0.7024 0.7589 0.3921
42 1.0000 0.5242 0.9213 0.6834 0.8859 0.6220 0.8263 0.7268 0.7848 0.4359
43 1.0000 0.7355 0.9610 0.8501 0.9489 0.8095 0.9260 0.8761 0.9044 0.6605
44 1.0000 0.4554 0.8935 0.6218 0.8508 0.5574 0.7709 0.6661 0.7237 0.3772
45 1.0000 0.6399 0.9494 0.7705 0.9093 0.7217 0.8744 0.8044 0.8498 0.5678
46 1.0000 0.3565 0.8719 0.5280 0.8088 0.4554 0.7144 0.5754 0.6581 0.2779
47 1.0000 0.2620 0.8167 0.4402 0.7469 0.3501 0.6241 0.4960 0.5550 0.1808
48 1.0000 0.2078 0.8081 0.3876 0.7238 0.3093 0.6081 0.4228 0.5079 0.1527
49 1.0000 0.2357 0.8108 0.4129 0.7542 0.3387 0.6265 0.4714 0.5706 0.1684
50 1.0000 0.3538 0.8356 0.5016 0.7578 0.4378 0.6816 0.5400 0.6211 0.2591
51 1.0000 0.4470 0.9007 0.6132 0.8484 0.5496 0.7634 0.6555 0.7251 0.3736
52 1.0000 0.3305 0.8888 0.5229 0.7632 0.4476 0.6896 0.5665 0.6593 0.2602
53 1.0000 0.3079 0.8633 0.4788 0.7635 0.4104 0.6734 0.5315 0.6146 0.2369
54 1.0000 0.4682 0.9108 0.6409 0.8611 0.5711 0.7867 0.6814 0.7509 0.3908
55 1.0000 0.4450 0.9004 0.6182 0.8468 0.5508 0.7727 0.6690 0.7280 0.3587
56 1.0000 0.4489 0.9009 0.6137 0.8439 0.5492 0.7640 0.6561 0.7215 0.3741
57 1.0000 0.4682 0.9115 0.6285 0.8477 0.5663 0.7765 0.6694 0.7337 0.3881
58 1.0000 0.2700 0.8251 0.4549 0.7376 0.3823 0.6477 0.4907 0.5799 0.1888
59 1.0000 0.4616 0.8606 0.5706 0.8085 0.5220 0.7342 0.6086 0.6763 0.3810
60 1.0000 0.3078 0.8554 0.4727 0.7762 0.4064 0.6733 0.5355 0.6153 0.2278
61 1.0000 0.3989 0.8961 0.5690 0.8127 0.4933 0.7410 0.6132 0.6907 0.3091
62 1.0000 0.3245 0.8572 0.4918 0.7880 0.4263 0.6819 0.5435 0.6282 0.2512
63 1.0000 0.4797 0.9131 0.6418 0.8564 0.5808 0.7988 0.6847 0.7509 0.4090
64 1.0000 1.2355 1.0757 1.2876 1.1642 1.2967 1.1534 1.2628 1.2082 1.2559
65 1.0000 0.5020 0.9155 0.6624 0.8501 0.6021 0.7981 0.7043 0.7559 0.4215
66 1.0000 0.2916 0.8547 0.4567 0.7726 0.4006 0.6541 0.5067 0.6041 0.2108
67 1.0000 0.6912 0.9563 0.8307 0.9448 0.7747 0.9101 0.8547 0.8794 0.6079
68 1.0000 0.6642 0.9386 0.8000 0.9194 0.7508 0.8880 0.8279 0.8669 0.5885
69 1.0000 0.5152 0.9193 0.6942 0.9092 0.6332 0.8488 0.7313 0.7865 0.3968
70 1.0000 0.6256 0.9414 0.7629 0.9071 0.7118 0.8658 0.7976 0.8420 0.5509
71 1.0000 0.3364 0.8633 0.5015 0.7807 0.4344 0.6882 0.5467 0.6281 0.2610
72 1.0000 0.2888 0.8666 0.4582 0.7585 0.3879 0.6543 0.5121 0.5980 0.2215
73 1.0000 0.6250 0.9446 0.7742 0.9168 0.7193 0.8719 0.8055 0.8456 0.5410
74 1.0000 0.5226 0.9468 0.6958 0.8698 0.6422 0.8208 0.7356 0.7930 0.4723
75 1.0000 0.3145 0.8547 0.4889 0.7864 0.4086 0.6756 0.5337 0.6198 0.2380
76 1.0000 0.4665 0.8977 0.6130 0.8475 0.5504 0.7769 0.6546 0.7264 0.3722
77 1.0000 0.3055 0.8421 0.4724 0.7727 0.4012 0.6646 0.5223 0.6030 0.2278
78 1.0000 0.2265 0.8051 0.4022 0.7060 0.3330 0.6238 0.4427 0.5386 0.1698
79 1.0000 0.4361 0.8905 0.5961 0.8264 0.5315 0.7672 0.6404 0.7118 0.3523
80 1.0000 0.8014 0.9729 0.8967 0.9576 0.8646 0.9469 0.9156 0.9376 0.7391
