0   0.0020  0.0250  0.0050  0.0170  0.0070  0.0200  0.0100  0.0150  0.0120
1   1.0000  0.6855  0.9358  0.7628  0.9411  0.7061  0.8915  0.7464  0.8326
2   1.0000 -0.0136  0.6795  0.1537  0.5329  0.0697  0.4000  0.2087  0.3221
3   1.0000  0.2130  0.8116  0.3743  0.7069  0.3056  0.5779  0.4211  0.5002
4   1.0000  0.2734  0.8194  0.4116  0.7456  0.3630  0.6024  0.4567  0.5521
5   1.0000  0.2888  0.8444  0.4507  0.7688  0.3877  0.6532  0.5053  0.5898
6   1.0000  0.5505  0.9593  0.7225  0.9356  0.6328  0.8521  0.7219  0.8227
7   1.0000  0.7184  0.9154  0.7294  0.8648  0.7070  0.8392  0.6610  0.7884
8   1.0000  0.1541  0.7277  0.2860  0.5827  0.2275  0.4707  0.3058  0.4150
9   1.0000  0.5610  0.7752  0.4056  1.1270  0.8311  0.8768  0.8055  0.6268
10  1.0000 -0.2382  0.8602  0.1066  0.5831  0.6055  0.6827  0.7814  0.5757
11  1.0000  0.1458  0.7698  0.2596  0.6321  0.1929  0.4820  0.3182  0.4016
12  1.0000  0.1379  0.6972  0.2038  0.5157  0.1697  0.3916  0.2207  0.2437
13  1.0000  0.1214  0.6629  0.2877  0.6277  0.2075  0.4571  0.3143  0.4009
14  1.0000  0.3431  0.8706  0.4551  0.8328  0.4618  0.6161  0.5543  0.6189
15  1.0000  0.0225  0.8590  1.2650  0.6383  0.5814  0.9545  1.3947  0.5694
16  1.0000  0.1199  0.7519  0.2722  0.6324  0.2001  0.5113  0.3136  0.4100
17  1.0000  0.3774  0.8855  0.5391  0.8133  0.4732  0.7183  0.5888  0.6625
18  1.0000  0.3428  0.8598  0.5048  0.7785  0.4391  0.6914  0.5512  0.6261
19  1.0000  0.0781  0.6113  0.1614  0.4935  0.1409  0.3112  0.1850  0.2430
20  1.0000  0.0819  0.7320  0.2306  0.5932  0.1533  0.4502  0.2595  0.3661
21  1.0000  0.1599  0.7403  0.2702  0.6179  0.2266  0.5052  0.3317  0.4178
22  1.0000  0.2815  0.8208  0.4241  0.7281  0.3654  0.6114  0.4721  0.5516
23  1.0000  0.0948  0.7434  0.2617  0.5426  0.2052  0.4283  0.2840  0.3575
24  1.0000  0.2005  0.8015  0.3481  0.6922  0.2861  0.5537  0.3964  0.4824
25  1.0000  0.4433  0.9625  0.7030  0.8974  0.5662  0.8659  0.7415  0.7956
26  1.0000 -0.2836  0.5996  0.1141  0.3642  0.0852  0.2680  0.3047  0.3473
27  1.0000  0.6541  1.1031  0.8028  0.9816  0.5314  0.7859  0.8974  0.8802
28  1.0000  0.1349  0.7506  0.2719  0.6225  0.2120  0.4940  0.3258  0.4080
29  1.0000  0.2567  0.8379  0.4048  0.7159  0.3374  0.6077  0.4557  0.5515
30  1.0000  0.2642  0.8364  0.4113  0.7192  0.3537  0.6032  0.4623  0.5546
31  1.0000  0.2305  0.8688  0.4609  0.7756  0.3482  0.6372  0.5154  0.5918
32  1.0000  0.2264  0.8209  0.3921  0.7314  0.3142  0.6054  0.4458  0.5325
33  1.0000  0.1209  0.7519  0.2760  0.6301  0.2090  0.4703  0.2989  0.4020
34  1.0000  0.2290  0.8198  0.3894  0.7098  0.3144  0.5845  0.4342  0.5259
35  1.0000  0.1794  0.7745  0.3259  0.6717  0.2593  0.5374  0.3730  0.4669
36  1.0000  0.2198  0.8159  0.3804  0.7194  0.3015  0.5887  0.4253  0.5248
37  1.0000  0.2143  0.7703  0.3265  0.6641  0.2846  0.5317  0.3798  0.4682
38  1.0000  0.2861  0.8418  0.4429  0.7467  0.3752  0.6482  0.4984  0.5784
39  1.0000  0.2822  0.8379  0.4404  0.7454  0.3743  0.6364  0.4914  0.5816
40  1.0000  0.1404  0.7409  0.2723  0.6545  0.2011  0.4925  0.3062  0.4001
41  1.0000  0.3208  0.8537  0.5036  0.7805  0.4315  0.6874  0.5555  0.6293
42  1.0000  0.3575  0.8751  0.5258  0.8044  0.4532  0.7084  0.5772  0.6549
43  1.0000  0.2303  0.8207  0.3923  0.7420  0.3215  0.6208  0.4454  0.5395
44  1.0000  0.3318  0.8493  0.4930  0.7858  0.4302  0.6783  0.5456  0.6268
45  1.0000  0.3665  0.8685  0.5288  0.7898  0.4628  0.7029  0.5764  0.6502
46  1.0000  0.2454  0.8254  0.3998  0.7395  0.3351  0.6162  0.4544  0.5446
47  1.0000  0.1002  0.7163  0.2334  0.5883  0.1749  0.4303  0.2897  0.3460
48  1.0000  0.1009  0.7377  0.2374  0.5932  0.1455  0.4585  0.2947  0.3833
49  1.0000  0.1871  0.7777  0.3264  0.6838  0.2687  0.5377  0.3793  0.4777
50  1.0000  0.2504  0.8104  0.3980  0.7435  0.3121  0.6262  0.4554  0.5437
51  1.0000  0.3045  0.8526  0.4655  0.7735  0.3981  0.6654  0.5145  0.6014
52  1.0000  0.2031  0.8219  0.3732  0.7005  0.2926  0.5852  0.4257  0.5184
53  1.0000  0.1942  0.7907  0.3377  0.6706  0.2700  0.5330  0.3706  0.4518
54  1.0000  0.3096  0.8594  0.4821  0.7838  0.4105  0.6809  0.5356  0.6158
55  1.0000  0.3138  0.8564  0.4842  0.7882  0.4115  0.6821  0.5417  0.6191
56  1.0000  0.2337  0.8165  0.3975  0.7233  0.3257  0.6088  0.4478  0.5344
57  1.0000  0.3001  0.8574  0.4635  0.7692  0.3944  0.6570  0.5144  0.6001
58  1.0000  0.0596  0.6814  0.1572  0.5180  0.1133  0.3686  0.2184  0.3078
59  1.0000  0.3958  0.8581  0.5234  0.7697  0.4754  0.6714  0.5733  0.6371
60  1.0000  0.1558  0.7838  0.3183  0.6740  0.2506  0.5408  0.3793  0.4693
61  1.0000 -0.0233  0.5856 -0.1178  0.3701 -0.0602  0.2162  0.1533  0.2010
62  1.0000  0.2082  0.8028  0.3663  0.7115  0.2935  0.5760  0.4139  0.5102
63  1.0000  0.2784  0.8522  0.4615  0.7513  0.3736  0.6452  0.5065  0.5754
64  1.0000  0.9676  1.0491  1.1565  1.0923  1.1399  1.1606  1.0927  1.1117
65  1.0000  0.3668  0.8801  0.5427  0.8017  0.4687  0.7156  0.5895  0.6591
66  1.0000  0.2494  0.8046  0.4144  0.7188  0.3447  0.6029  0.4567  0.5543
67  1.0000  0.4780  0.9129  0.6428  0.8678  0.5811  0.7983  0.6866  0.7516
68  1.0000  0.5211  0.9162  0.6815  0.8841  0.6197  0.8201  0.7194  0.7726
69  1.0000  0.3321  0.8560  0.5022  0.8029  0.4321  0.7052  0.5536  0.6341
70  1.0000  0.3995  0.8844  0.5611  0.8138  0.4981  0.7317  0.6065  0.6795
71  1.0000  0.1965  0.8086  0.3485  0.6923  0.2805  0.5649  0.3990  0.4878
72  1.0000  0.1461  0.7474  0.2916  0.6502  0.2242  0.4952  0.3481  0.4350
73  1.0000  0.1703  0.7957  0.3267  0.6899  0.2621  0.5557  0.3897  0.4763
74  1.0000  0.2855  0.8459  0.4564  0.7521  0.3792  0.6461  0.5121  0.5972
75  1.0000  0.1894  0.7888  0.3504  0.6945  0.2814  0.5624  0.4002  0.4960
76  1.0000  0.1011  0.6942  0.1991  0.5580  0.1339  0.4200  0.2297  0.3071
77  1.0000  0.1497  0.7764  0.2957  0.6631  0.2315  0.5321  0.3530  0.4395
78  1.0000  0.1334  0.7509  0.2607  0.6173  0.2027  0.4784  0.3047  0.3980
79  1.0000  0.1844  0.7358  0.2820  0.6064  0.2187  0.5202  0.3267  0.4270
80  1.0000  0.3099  0.8576  0.4774  0.7765  0.4092  0.6749  0.5279  0.6152





